10,1.1e-06, 5e-07
20,8e-07, 5e-07
30,9e-07, 5e-07
40,1.1e-06, 8e-07
50,1.3e-06, 9e-07
60,1.4e-06, 9e-07
70,1.8e-06, 1.1e-06
80,1.8e-06, 1.2e-06
90,2e-06, 1.2e-06
100,1.9e-06, 1.2e-06
110,5e-06, 1.4e-06
120,2.5e-06, 1.6e-06
130,2.7e-06, 1.5e-06
140,2.7e-06, 1.6e-06
150,3e-06, 1.7e-06
160,5.1e-06, 1.8e-06
170,3.3e-06, 1.9e-06
180,3.2e-06, 1.8e-06
190,3.3e-06, 2e-06
200,3.9e-06, 2.2e-06
210,5.8e-06, 2.5e-06
220,4e-06, 2.2e-06
230,4.2e-06, 2.2e-06
240,4.1e-06, 2.4e-06
250,4.3e-06, 2.5e-06
260,6e-06, 3e-06
270,4.6e-06, 2.6e-06
280,5e-06, 2.6e-06
290,5e-06, 2.8e-06
300,5.1e-06, 3.6e-06
310,7e-06, 3e-06
320,5.1e-06, 3e-06
330,5.5e-06, 3.4e-06
340,7.7e-06, 3.7e-06
350,6e-06, 4e-06
360,7.6e-06, 4.1e-06
370,5.7e-06, 3.6e-06
380,6e-06, 3.8e-06
390,6.4e-06, 3.7e-06
400,6.3e-06, 4e-06
410,6.6e-06, 3.9e-06
420,8.8e-06, 4.4e-06
430,7.1e-06, 4e-06
440,8.1e-06, 4.6e-06
450,6.9e-06, 4.2e-06
460,7.8e-06, 4.4e-06
470,1.12e-05, 5.1e-06
480,7.9e-06, 4.4e-06
490,8.3e-06, 5.4e-06
500,7.4e-06, 5.3e-06
510,8e-06, 4.8e-06
520,1.09e-05, 4.9e-06
530,8e-06, 5e-06
540,8.3e-06, 5.8e-06
550,1.03e-05, 5.8e-06
560,9.1e-06, 5.2e-06
570,1.11e-05, 5.8e-06
580,8.8e-06, 5.3e-06
590,9.3e-06, 6.2e-06
600,9.2e-06, 5.5e-06
610,9.9e-06, 5.8e-06
620,1.18e-05, 5.9e-06
630,9.2e-06, 5.6e-06
640,1.09e-05, 5.9e-06
650,9.9e-06, 6.3e-06
660,9.8e-06, 6.3e-06
670,1.32e-05, 6.1e-06
680,1.12e-05, 6.4e-06
690,1.01e-05, 7.1e-06
700,1.07e-05, 6.4e-06
710,1.02e-05, 6.7e-06
720,1.38e-05, 7.5e-06
730,1.12e-05, 7.8e-06
740,1.12e-05, 6.5e-06
750,1.17e-05, 7e-06
760,1.19e-05, 7e-06
770,1.43e-05, 8.1e-06
780,1.27e-05, 7.1e-06
790,1.31e-05, 7.2e-06
800,1.16e-05, 6.9e-06
810,1.32e-05, 7.3e-06
820,1.55e-05, 8.3e-06
830,1.25e-05, 8.4e-06
840,1.4e-05, 8.4e-06
850,1.39e-05, 7.9e-06
860,1.39e-05, 7.8e-06
870,1.46e-05, 8.9e-06
880,1.7e-05, 8e-06
890,1.49e-05, 9.2e-06
900,1.36e-05, 8e-06
910,1.46e-05, 7.9e-06
920,1.49e-05, 7.9e-06
930,1.58e-05, 8.4e-06
940,1.46e-05, 8e-06
950,1.45e-05, 8.3e-06
960,1.38e-05, 8.3e-06
970,1.53e-05, 8.5e-06
980,1.61e-05, 1e-05
990,1.54e-05, 8.9e-06
1000,1.57e-05, 8.7e-06
1010,1.58e-05, 1.16e-05
1020,1.58e-05, 8.7e-06
1030,1.99e-05, 9.2e-06
1040,1.51e-05, 9.4e-06
1050,1.64e-05, 9.4e-06
1060,1.51e-05, 9.4e-06
1070,1.51e-05, 9.4e-06
1080,1.94e-05, 9.6e-06
1090,2.14e-05, 1.27e-05
1100,1.73e-05, 1.04e-05
1110,1.79e-05, 1.09e-05
1120,1.66e-05, 1.13e-05
1130,1.82e-05, 1.19e-05
1140,1.83e-05, 1.06e-05
1150,1.78e-05, 1.22e-05
1160,1.79e-05, 1.25e-05
1170,1.8e-05, 1.03e-05
1180,1.99e-05, 1.13e-05
1190,1.72e-05, 1.13e-05
1200,1.85e-05, 1.12e-05
1210,1.87e-05, 1.1e-05
1220,1.9e-05, 1.07e-05
1230,1.92e-05, 1.32e-05
1240,1.94e-05, 1.18e-05
1250,1.88e-05, 1.19e-05
1260,2.02e-05, 1.18e-05
1270,1.96e-05, 1.24e-05
1280,1.98e-05, 1.19e-05
1290,2.18e-05, 1.15e-05
1300,2.01e-05, 1.22e-05
1310,1.84e-05, 1.38e-05
1320,2.08e-05, 1.25e-05
1330,2.18e-05, 1.26e-05
1340,2.22e-05, 1.19e-05
1350,1.97e-05, 1.26e-05
1360,2.27e-05, 1.65e-05
1370,2.12e-05, 1.28e-05
1380,2.16e-05, 1.22e-05
1390,2.32e-05, 1.36e-05
1400,1.98e-05, 1.31e-05
1410,1.97e-05, 1.29e-05
1420,2.25e-05, 1.4e-05
1430,2.2e-05, 1.25e-05
1440,2.11e-05, 1.5e-05
1450,2.25e-05, 1.35e-05
1460,2.25e-05, 1.35e-05
1470,2.25e-05, 1.4e-05
1480,2.21e-05, 1.31e-05
1490,2.56e-05, 1.5e-05
1500,2.42e-05, 1.33e-05
1510,2.34e-05, 1.32e-05
1520,2.19e-05, 1.33e-05
1530,2.18e-05, 1.53e-05
1540,2.62e-05, 1.46e-05
1550,2.68e-05, 1.36e-05
1560,2.25e-05, 1.53e-05
1570,2.42e-05, 1.47e-05
1580,2.39e-05, 1.49e-05
1590,2.47e-05, 1.39e-05
1600,2.47e-05, 1.51e-05
1610,2.5e-05, 1.51e-05
1620,2.5e-05, 1.52e-05
1630,2.31e-05, 1.71e-05
1640,2.53e-05, 2e-05
1650,2.66e-05, 1.44e-05
1660,2.31e-05, 1.64e-05
1670,2.58e-05, 1.54e-05
1680,2.35e-05, 1.67e-05
1690,2.56e-05, 1.57e-05
1700,2.77e-05, 1.78e-05
1710,2.65e-05, 1.62e-05
1720,2.77e-05, 1.53e-05
1730,2.46e-05, 1.49e-05
1740,2.45e-05, 1.55e-05
1750,2.89e-05, 1.85e-05
1760,2.68e-05, 1.84e-05
1770,2.9e-05, 1.79e-05
1780,3.11e-05, 1.85e-05
1790,2.88e-05, 1.69e-05
1800,2.99e-05, 1.93e-05
1810,2.8e-05, 1.71e-05
1820,2.75e-05, 1.92e-05
1830,2.79e-05, 1.57e-05
1840,2.86e-05, 1.8e-05
1850,3.08e-05, 1.76e-05
1860,2.84e-05, 1.63e-05
1870,2.88e-05, 1.96e-05
1880,2.86e-05, 1.67e-05
1890,2.85e-05, 1.78e-05
1900,3.16e-05, 1.68e-05
1910,2.69e-05, 1.69e-05
1920,2.7e-05, 1.8e-05
1930,2.96e-05, 1.81e-05
1940,2.74e-05, 1.8e-05
1950,3.17e-05, 1.71e-05
1960,2.83e-05, 1.84e-05
1970,2.88e-05, 1.69e-05
1980,2.94e-05, 1.81e-05
1990,2.98e-05, 2.11e-05
2000,2.99e-05, 2.06e-05
